# Backgate values in volts
-2.000000000000000000e+00
-1.996655518394649054e+00
-1.993311036789298107e+00
-1.989966555183946939e+00
-1.986622073578595105e+00
-1.983277591973243936e+00
-1.979933110367892990e+00
-1.976588628762542044e+00
-1.973244147157191097e+00
-1.969899665551839929e+00
-1.966555183946488095e+00
-1.963210702341136926e+00
-1.959866220735785980e+00
-1.956521739130435034e+00
-1.953177257525084087e+00
-1.949832775919732919e+00
-1.946488294314381085e+00
-1.943143812709029916e+00
-1.939799331103678970e+00
-1.936454849498328024e+00
-1.933110367892977077e+00
-1.929765886287625909e+00
-1.926421404682274074e+00
-1.923076923076922906e+00
-1.919732441471571960e+00
-1.916387959866221014e+00
-1.913043478260870067e+00
-1.909698996655518899e+00
-1.906354515050167064e+00
-1.903010033444815896e+00
-1.899665551839464950e+00
-1.896321070234114003e+00
-1.892976588628763057e+00
-1.889632107023411001e+00
-1.886287625418060054e+00
-1.882943143812709108e+00
-1.879598662207357940e+00
-1.876254180602006993e+00
-1.872909698996656047e+00
-1.869565217391303991e+00
-1.866220735785953044e+00
-1.862876254180602098e+00
-1.859531772575250930e+00
-1.856187290969899983e+00
-1.852842809364549037e+00
-1.849498327759196981e+00
-1.846153846153846034e+00
-1.842809364548495088e+00
-1.839464882943143920e+00
-1.836120401337792973e+00
-1.832775919732442027e+00
-1.829431438127089971e+00
-1.826086956521739024e+00
-1.822742474916388078e+00
-1.819397993311036910e+00
-1.816053511705685963e+00
-1.812709030100335017e+00
-1.809364548494982960e+00
-1.806020066889632014e+00
-1.802675585284281068e+00
-1.799331103678929900e+00
-1.795986622073578953e+00
-1.792642140468226897e+00
-1.789297658862875950e+00
-1.785953177257525004e+00
-1.782608695652174058e+00
-1.779264214046822890e+00
-1.775919732441471943e+00
-1.772575250836120109e+00
-1.769230769230768940e+00
-1.765886287625417994e+00
-1.762541806020067048e+00
-1.759197324414716102e+00
-1.755852842809364933e+00
-1.752508361204013099e+00
-1.749163879598661930e+00
-1.745819397993310984e+00
-1.742474916387960038e+00
-1.739130434782609091e+00
-1.735785953177257923e+00
-1.732441471571906089e+00
-1.729096989966554920e+00
-1.725752508361203974e+00
-1.722408026755853028e+00
-1.719063545150502081e+00
-1.715719063545150913e+00
-1.712374581939799079e+00
-1.709030100334447910e+00
-1.705685618729096964e+00
-1.702341137123746018e+00
-1.698996655518395071e+00
-1.695652173913043903e+00
-1.692307692307692069e+00
-1.688963210702340900e+00
-1.685618729096989954e+00
-1.682274247491639008e+00
-1.678929765886288061e+00
-1.675585284280936005e+00
-1.672240802675585059e+00
-1.668896321070233890e+00
-1.665551839464882944e+00
-1.662207357859531998e+00
-1.658862876254181051e+00
-1.655518394648828995e+00
-1.652173913043478048e+00
-1.648829431438127102e+00
-1.645484949832775934e+00
-1.642140468227424988e+00
-1.638795986622074041e+00
-1.635451505016721985e+00
-1.632107023411371038e+00
-1.628762541806020092e+00
-1.625418060200668924e+00
-1.622073578595317978e+00
-1.618729096989967031e+00
-1.615384615384614975e+00
-1.612040133779264028e+00
-1.608695652173913082e+00
-1.605351170568561914e+00
-1.602006688963210967e+00
-1.598662207357860021e+00
-1.595317725752507965e+00
-1.591973244147157018e+00
-1.588628762541806072e+00
-1.585284280936454904e+00
-1.581939799331103957e+00
-1.578595317725753011e+00
-1.575250836120400955e+00
-1.571906354515050008e+00
-1.568561872909699062e+00
-1.565217391304347894e+00
-1.561872909698996947e+00
-1.558528428093646001e+00
-1.555183946488293945e+00
-1.551839464882942998e+00
-1.548494983277592052e+00
-1.545150501672241106e+00
-1.541806020066889937e+00
-1.538461538461538103e+00
-1.535117056856186935e+00
-1.531772575250835988e+00
-1.528428093645485042e+00
-1.525083612040134096e+00
-1.521739130434782927e+00
-1.518394648829431093e+00
-1.515050167224079924e+00
-1.511705685618728978e+00
-1.508361204013378032e+00
-1.505016722408027086e+00
-1.501672240802675917e+00
-1.498327759197324083e+00
-1.494983277591972914e+00
-1.491638795986621968e+00
-1.488294314381271022e+00
-1.484949832775920076e+00
-1.481605351170568907e+00
-1.478260869565217073e+00
-1.474916387959865904e+00
-1.471571906354514958e+00
-1.468227424749164012e+00
-1.464882943143813065e+00
-1.461538461538461897e+00
-1.458193979933110063e+00
-1.454849498327758894e+00
-1.451505016722407948e+00
-1.448160535117057002e+00
-1.444816053511706055e+00
-1.441471571906355109e+00
-1.438127090301003053e+00
-1.434782608695652106e+00
-1.431438127090300938e+00
-1.428093645484949992e+00
-1.424749163879599045e+00
-1.421404682274248099e+00
-1.418060200668896043e+00
-1.414715719063545096e+00
-1.411371237458193928e+00
-1.408026755852842982e+00
-1.404682274247492035e+00
-1.401337792642139979e+00
-1.397993311036789033e+00
-1.394648829431438086e+00
-1.391304347826086918e+00
-1.387959866220735972e+00
-1.384615384615385025e+00
-1.381270903010032969e+00
-1.377926421404682022e+00
-1.374581939799331076e+00
-1.371237458193979908e+00
-1.367892976588628962e+00
-1.364548494983278015e+00
-1.361204013377925959e+00
-1.357859531772575012e+00
-1.354515050167224066e+00
-1.351170568561872898e+00
-1.347826086956521952e+00
-1.344481605351171005e+00
-1.341137123745818949e+00
-1.337792642140468002e+00
-1.334448160535117056e+00
-1.331103678929766110e+00
-1.327759197324414941e+00
-1.324414715719063995e+00
-1.321070234113711939e+00
-1.317725752508360992e+00
-1.314381270903010046e+00
-1.311036789297659100e+00
-1.307692307692307931e+00
-1.304347826086956985e+00
-1.301003344481604929e+00
-1.297658862876253982e+00
-1.294314381270903036e+00
-1.290969899665552090e+00
-1.287625418060200921e+00
-1.284280936454849975e+00
-1.280936454849497919e+00
-1.277591973244146972e+00
-1.274247491638796026e+00
-1.270903010033445080e+00
-1.267558528428093911e+00
-1.264214046822742965e+00
-1.260869565217390909e+00
-1.257525083612039962e+00
-1.254180602006689016e+00
-1.250836120401338070e+00
-1.247491638795986901e+00
-1.244147157190635955e+00
-1.240802675585283898e+00
-1.237458193979932952e+00
-1.234113712374582006e+00
-1.230769230769231060e+00
-1.227424749163879003e+00
-1.224080267558528945e+00
-1.220735785953177110e+00
-1.217391304347825942e+00
-1.214046822742474996e+00
-1.210702341137124050e+00
-1.207357859531771993e+00
-1.204013377926421935e+00
-1.200668896321070100e+00
-1.197324414715718932e+00
-1.193979933110367986e+00
-1.190635451505017040e+00
-1.187290969899664983e+00
-1.183946488294314925e+00
-1.180602006688963090e+00
-1.177257525083611922e+00
-1.173913043478260976e+00
-1.170568561872910029e+00
-1.167224080267557973e+00
-1.163879598662207915e+00
-1.160535117056856080e+00
-1.157190635451504912e+00
-1.153846153846153966e+00
-1.150501672240803019e+00
-1.147157190635450963e+00
-1.143812709030100905e+00
-1.140468227424749070e+00
-1.137123745819397902e+00
-1.133779264214046956e+00
-1.130434782608696009e+00
-1.127090301003343953e+00
-1.123745819397993895e+00
-1.120401337792642060e+00
-1.117056856187290892e+00
-1.113712374581939946e+00
-1.110367892976588999e+00
-1.107023411371236943e+00
-1.103678929765885997e+00
-1.100334448160535050e+00
-1.096989966555184104e+00
-1.093645484949832936e+00
-1.090301003344481989e+00
-1.086956521739129933e+00
-1.083612040133778986e+00
-1.080267558528428040e+00
-1.076923076923077094e+00
-1.073578595317725926e+00
-1.070234113712374979e+00
-1.066889632107022923e+00
-1.063545150501671976e+00
-1.060200668896321030e+00
-1.056856187290970084e+00
-1.053511705685618915e+00
-1.050167224080267969e+00
-1.046822742474915913e+00
-1.043478260869564966e+00
-1.040133779264214020e+00
-1.036789297658863074e+00
-1.033444816053511905e+00
-1.030100334448160959e+00
-1.026755852842808903e+00
-1.023411371237457956e+00
-1.020066889632107010e+00
-1.016722408026756064e+00
-1.013377926421404895e+00
-1.010033444816053949e+00
-1.006688963210701893e+00
-1.003344481605350946e+00
-1.000000000000000000e+00
