# Magnetic field magnitude values in Tesla
-2.000000000000000000e+00
-1.959595959595960002e+00
-1.919191919191918894e+00
-1.878787878787878896e+00
-1.838383838383838009e+00
-1.797979797979798011e+00
-1.757575757575758013e+00
-1.717171717171716905e+00
-1.676767676767676907e+00
-1.636363636363636020e+00
-1.595959595959596022e+00
-1.555555555555554914e+00
-1.515151515151514916e+00
-1.474747474747474918e+00
-1.434343434343434032e+00
-1.393939393939394034e+00
-1.353535353535352925e+00
-1.313131313131312927e+00
-1.272727272727272929e+00
-1.232323232323232043e+00
-1.191919191919192045e+00
-1.151515151515150936e+00
-1.111111111111110938e+00
-1.070707070707070940e+00
-1.030303030303030054e+00
-9.898989898989900560e-01
-9.494949494949493918e-01
-9.090909090909091717e-01
-8.686868686868685074e-01
-8.282828282828282873e-01
-7.878787878787880672e-01
-7.474747474747474030e-01
-7.070707070707071829e-01
-6.666666666666665186e-01
-6.262626262626262985e-01
-5.858585858585860784e-01
-5.454545454545454142e-01
-5.050505050505051940e-01
-4.646464646464644743e-01
-4.242424242424243097e-01
-3.838383838383837010e-01
-3.434343434343434254e-01
-3.030303030303032052e-01
-2.626262626262624855e-01
-2.222222222222222932e-01
-1.818181818181817122e-01
-1.414141414141414088e-01
-1.010101010101012026e-01
-6.060606060606055223e-02
-2.020202020202032864e-02
2.020202020202011006e-02
6.060606060606055223e-02
1.010101010101009944e-01
1.414141414141414088e-01
1.818181818181819065e-01
2.222222222222222932e-01
2.626262626262624855e-01
3.030303030303029832e-01
3.434343434343434254e-01
3.838383838383839231e-01
4.242424242424243097e-01
4.646464646464648074e-01
5.050505050505049720e-01
5.454545454545454142e-01
5.858585858585858563e-01
6.262626262626262985e-01
6.666666666666667407e-01
7.070707070707069608e-01
7.474747474747474030e-01
7.878787878787878451e-01
8.282828282828282873e-01
8.686868686868687295e-01
9.090909090909091717e-01
9.494949494949493918e-01
9.898989898989898339e-01
1.030303030303030054e+00
1.070707070707070940e+00
1.111111111111110938e+00
1.151515151515150936e+00
1.191919191919192045e+00
1.232323232323232043e+00
1.272727272727272929e+00
1.313131313131312927e+00
1.353535353535352925e+00
1.393939393939394034e+00
1.434343434343434032e+00
1.474747474747474918e+00
1.515151515151514916e+00
1.555555555555556024e+00
1.595959595959596022e+00
1.636363636363636020e+00
1.676767676767676907e+00
1.717171717171716905e+00
1.757575757575758013e+00
1.797979797979798011e+00
1.838383838383838897e+00
1.878787878787878896e+00
1.919191919191918894e+00
1.959595959595960002e+00
2.000000000000000000e+00
